Team,Hwinpct,Hdrawpct,Hlosspct,Hgdpg,Hppg,Awinpct,Adrawpct,Alosspct,Agdpg,Appg
Manchester City,0.7813,0.125,0.0938,2.0208,2.4688,0.6804,0.1443,0.1753,1.3093,2.1856
Liverpool,0.75,0.1667,0.0833,1.5417,2.4167,0.5567,0.2474,0.1959,0.8041,1.9175
Brighton,0.3438,0.3438,0.3125,0.0938,1.375,0.299,0.3196,0.3814,-0.1649,1.2165
Arsenal,0.6289,0.1856,0.1856,0.9794,2.0722,0.5104,0.1875,0.3021,0.5521,1.7188
Newcastle Utd,0.4639,0.299,0.2371,0.433,1.6907,0.3125,0.2292,0.4583,-0.375,1.1667
Brentford,0.4068,0.2881,0.3051,0.2712,1.5085,0.2759,0.2241,0.5,-0.3448,1.0517
Aston Villa,0.4583,0.1875,0.3542,0.25,1.5625,0.3505,0.1856,0.4639,-0.2371,1.2371
Bournemouth,0.3103,0.2931,0.3966,-0.2931,1.2241,0.2712,0.1186,0.6102,-0.9153,0.9322
Nottm Forest,0.325,0.325,0.35,0,1.3,0.1538,0.2308,0.6154,-1.2051,0.6923
Tottenham,0.6354,0.0833,0.2813,0.8333,1.9896,0.3505,0.299,0.3505,0.0928,1.3505
Chelsea,0.4742,0.2887,0.2371,0.6082,1.7113,0.4583,0.2083,0.3333,0.2917,1.5833
Fulham,0.3448,0.1897,0.4655,-0.1552,1.2241,0.2373,0.3051,0.4576,-0.3559,1.0169
West Ham Utd,0.4124,0.2577,0.3299,0.1649,1.4948,0.3229,0.1771,0.5,-0.3438,1.1458
Manchester Utd,0.567,0.2268,0.2062,0.7216,1.9278,0.4375,0.2396,0.3229,0,1.5521
Leicester City,0.4487,0.1795,0.3718,0.359,1.5256,0.3377,0.2338,0.4286,0,1.2468
Crystal Palace,0.3542,0.3021,0.3438,0,1.3646,0.2474,0.2784,0.4742,-0.5464,1.0206
Wolverhampton,0.4063,0.2083,0.3854,-0.1042,1.4271,0.2784,0.2577,0.4639,-0.4948,1.0928
Ipswich Town,0,0.5,0.5,-1,0.5,0,0,1,-3,0
Everton,0.3814,0.2062,0.4124,-0.1031,1.3505,0.2604,0.2604,0.4792,-0.7083,1.0417
Southampton,0.2857,0.2338,0.4805,-0.4026,1.0909,0.2564,0.2051,0.5385,-0.8205,0.9744
