Team,GP,W,D,L,GF,GA,GD,Pts,PPG,last 8,CS,FTS
Sunderland,15,9,4,2,25,11,14,31,2.07,2,0.6,0.13
Sheffield Utd,15,10,3,2,19,7,12,31,2.2,2.25,0.67,0.2
Leeds Utd,15,8,5,2,24,9,15,29,1.93,1.88,0.6,0.27
Burnley,15,7,6,2,18,6,12,27,1.8,1.63,0.6,0.4
West Brom,15,6,7,2,16,9,7,25,1.67,1.13,0.53,0.4
Watford,15,8,1,6,23,22,1,25,1.67,1.5,0.2,0.27
Middlesbrough,15,7,3,5,23,17,6,24,1.6,1.63,0.33,0.27
Millwall,15,6,5,4,18,13,5,23,1.53,1.88,0.47,0.27
Blackburn,15,6,4,5,19,17,2,22,1.47,0.88,0.33,0.4
Bristol City,15,5,7,3,20,19,1,22,1.47,1.63,0.27,0.27
Swansea City,15,5,4,6,11,10,1,19,1.27,1,0.33,0.53
Derby County,15,5,4,6,19,19,0,19,1.27,1.25,0.27,0.13
Stoke City,15,5,4,6,18,19,-1,19,1.27,1.63,0.27,0.33
Norwich City,15,4,6,5,23,22,1,18,1.2,0.88,0.13,0.27
Sheffield Wed,15,5,3,7,17,25,-8,18,1.2,1.38,0.27,0.47
Oxford Utd,15,4,5,6,17,18,-1,17,1.13,0.88,0.27,0.2
Coventry City,15,4,4,7,20,21,-1,16,1.07,1.38,0.13,0.27
Plymouth,15,4,4,7,15,26,-11,16,1.07,1,0.07,0.47
Hull City,15,3,6,6,16,20,-4,15,1,0.75,0.07,0.4
Preston,15,3,6,6,15,23,-8,15,1,1.25,0.4,0.33
Luton Town,15,4,3,8,17,26,-9,15,1,1,0.27,0.2
Cardiff City,15,4,3,8,14,23,-9,15,1,1.75,0.27,0.47
Portsmouth,15,2,6,7,16,28,-12,12,0.8,1,0.13,0.33
QP Rangers,15,1,7,7,12,25,-13,10,0.67,0.38,0.13,0.3
